%% Demo_008 Pooling Utility
% This demo illustrates the use of psignifits automatic pooling utility.

% For this illustration we use the following, not so handy dataset of a
% Quest run with 400 trials:

data =[...
    1.3262    1.0000    1.0000;...
    0.8534    1.0000    1.0000;...
    0.4717         0    1.0000;...
    1.3091    1.0000    1.0000;...
    1.0467    1.0000    1.0000;...
    0.8816    1.0000    1.0000;...
    0.7765         0    1.0000;...
    1.0535         0    1.0000;...
    1.6860    1.0000    1.0000;...
    1.3763    1.0000    1.0000;...
    1.2443    1.0000    1.0000;...
    1.1757    1.0000    1.0000;...
    1.1286    1.0000    1.0000;...
    1.0922    1.0000    1.0000;...
    1.0623    1.0000    1.0000;...
    1.0367         0    1.0000;...
    1.1065    1.0000    1.0000;...
    1.0838    1.0000    1.0000;...
    1.0651    1.0000    1.0000;...
    1.0490    1.0000    1.0000;...
    1.0352         0    1.0000;...
    1.0739    1.0000    1.0000;...
    1.0603         0    1.0000;...
    1.0964    1.0000    1.0000;...
    1.0826    1.0000    1.0000;...
    1.0708    1.0000    1.0000;...
    1.0606    1.0000    1.0000;...
    1.0515    1.0000    1.0000;...
    1.0434         0    1.0000;...
    1.0649    1.0000    1.0000;...
    1.0567    1.0000    1.0000;...
    1.0492    1.0000    1.0000;...
    1.0424    1.0000    1.0000;...
    1.0362    1.0000    1.0000;...
    1.0303    1.0000    1.0000;...
    1.0249    1.0000    1.0000;...
    1.0197    1.0000    1.0000;...
    1.0150         0    1.0000;...
    1.0288    1.0000    1.0000;...
    1.0240    1.0000    1.0000;...
    1.0194    1.0000    1.0000;...
    1.0151    1.0000    1.0000;...
    1.0109         0    1.0000;...
    1.0222    1.0000    1.0000;...
    1.0181    1.0000    1.0000;...
    1.0142    1.0000    1.0000;...
    1.0104    1.0000    1.0000;...
    1.0069         0    1.0000;...
    1.0170         0    1.0000;...
    1.0275         0    1.0000;...
    1.0386         0    1.0000;...
    1.0503    1.0000    1.0000;...
    1.0461    1.0000    1.0000;...
    1.0420         0    1.0000;...
    1.0529    1.0000    1.0000;...
    1.0488         0    1.0000;...
    1.0601    1.0000    1.0000;...
    1.0560         0    1.0000;...
    1.0679    1.0000    1.0000;...
    1.0636    1.0000    1.0000;...
    1.0595    1.0000    1.0000;...
    1.0557    1.0000    1.0000;...
    1.0521         0    1.0000;...
    1.0618         0    1.0000;...
    1.0722         0    1.0000;...
    1.0836    1.0000    1.0000;...
    1.0792    1.0000    1.0000;...
    1.0752    1.0000    1.0000;...
    1.0713         0    1.0000;...
    1.0816    1.0000    1.0000;...
    1.0777    1.0000    1.0000;...
    1.0740    1.0000    1.0000;...
    1.0705    1.0000    1.0000;...
    1.0673    1.0000    1.0000;...
    1.0642    1.0000    1.0000;...
    1.0611         0    1.0000;...
    1.0692    1.0000    1.0000;...
    1.0663    1.0000    1.0000;...
    1.0634    1.0000    1.0000;...
    1.0605         0    1.0000;...
    1.0681    1.0000    1.0000;...
    1.0653    1.0000    1.0000;...
    1.0626         0    1.0000;...
    1.0697    1.0000    1.0000;...
    1.0671    1.0000    1.0000;...
    1.0645    1.0000    1.0000;...
    1.0620    1.0000    1.0000;...
    1.0595    1.0000    1.0000;...
    1.0572    1.0000    1.0000;...
    1.0550    1.0000    1.0000;...
    1.0528    1.0000    1.0000;...
    1.0506         0    1.0000;...
    1.0565         0    1.0000;...
    1.0627    1.0000    1.0000;...
    1.0604    1.0000    1.0000;...
    1.0583    1.0000    1.0000;...
    1.0562    1.0000    1.0000;...
    1.0542    1.0000    1.0000;...
    1.0522    1.0000    1.0000;...
    1.0502    1.0000    1.0000;...
    1.0484    1.0000    1.0000;...
    1.0467    1.0000    1.0000;...
    1.0450    1.0000    1.0000;...
    1.0432    1.0000    1.0000;...
    1.0415         0    1.0000;...
    1.0461    1.0000    1.0000;...
    1.0444    1.0000    1.0000;...
    1.0428    1.0000    1.0000;...
    1.0411    1.0000    1.0000;...
    1.0395    1.0000    1.0000;...
    1.0380         0    1.0000;...
    1.0424    1.0000    1.0000;...
    1.0408    1.0000    1.0000;...
    1.0392         0    1.0000;...
    1.0436    1.0000    1.0000;...
    1.0420    1.0000    1.0000;...
    1.0404    1.0000    1.0000;...
    1.0390    1.0000    1.0000;...
    1.0376         0    1.0000;...
    1.0416    1.0000    1.0000;...
    1.0401    1.0000    1.0000;...
    1.0387    1.0000    1.0000;...
    1.0374    1.0000    1.0000;...
    1.0361         0    1.0000;...
    1.0398         0    1.0000;...
    1.0438    1.0000    1.0000;...
    1.0424    1.0000    1.0000;...
    1.0410    1.0000    1.0000;...
    1.0396    1.0000    1.0000;...
    1.0383    1.0000    1.0000;...
    1.0371         0    1.0000;...
    1.0406    1.0000    1.0000;...
    1.0393    1.0000    1.0000;...
    1.0381         0    1.0000;...
    1.0417    1.0000    1.0000;...
    1.0403    1.0000    1.0000;...
    1.0391    1.0000    1.0000;...
    1.0379    1.0000    1.0000;...
    1.0367    1.0000    1.0000;...
    1.0356    1.0000    1.0000;...
    1.0344    1.0000    1.0000;...
    1.0332    1.0000    1.0000;...
    1.0321    1.0000    1.0000;...
    1.0309    1.0000    1.0000;...
    1.0297    1.0000    1.0000;...
    1.0287    1.0000    1.0000;...
    1.0277    1.0000    1.0000;...
    1.0267    1.0000    1.0000;...
    1.0256    1.0000    1.0000;...
    1.0246    1.0000    1.0000;...
    1.0236         0    1.0000;...
    1.0263    1.0000    1.0000;...
    1.0253         0    1.0000;...
    1.0281    1.0000    1.0000;...
    1.0271    1.0000    1.0000;...
    1.0262         0    1.0000;...
    1.0289    1.0000    1.0000;...
    1.0280         0    1.0000;...
    1.0308         0    1.0000;...
    1.0337    1.0000    1.0000;...
    1.0326    1.0000    1.0000;...
    1.0316    1.0000    1.0000;...
    1.0305    1.0000    1.0000;...
    1.0295    1.0000    1.0000;...
    1.0286         0    1.0000;...
    1.0313    1.0000    1.0000;...
    1.0303    1.0000    1.0000;...
    1.0293         0    1.0000;...
    1.0321    1.0000    1.0000;...
    1.0311    1.0000    1.0000;...
    1.0300    1.0000    1.0000;...
    1.0291    1.0000    1.0000;...
    1.0282    1.0000    1.0000;...
    1.0274    1.0000    1.0000;...
    1.0265    1.0000    1.0000;...
    1.0256         0    1.0000;...
    1.0281    1.0000    1.0000;...
    1.0272         0    1.0000;...
    1.0297    1.0000    1.0000;...
    1.0288    1.0000    1.0000;...
    1.0280    1.0000    1.0000;...
    1.0271    1.0000    1.0000;...
    1.0263    1.0000    1.0000;...
    1.0255    1.0000    1.0000;...
    1.0246         0    1.0000;...
    1.0268    1.0000    1.0000;...
    1.0260    1.0000    1.0000;...
    1.0252    1.0000    1.0000;...
    1.0244    1.0000    1.0000;...
    1.0235    1.0000    1.0000;...
    1.0227    1.0000    1.0000;...
    1.0219    1.0000    1.0000;...
    1.0211    1.0000    1.0000;...
    1.0202    1.0000    1.0000;...
    1.0194         0    1.0000;...
    1.0217    1.0000    1.0000;...
    1.0209    1.0000    1.0000;...
    1.0200    1.0000    1.0000;...
    1.0193         0    1.0000;...
    1.0215         0    1.0000;...
    1.0236    1.0000    1.0000;...
    1.0229         0    1.0000;...
    1.0249    1.0000    1.0000;...
    1.0242    1.0000    1.0000;...
    1.0234    1.0000    1.0000;...
    1.0227    1.0000    1.0000;...
    1.0219    1.0000    1.0000;...
    1.0211    1.0000    1.0000;...
    1.0203    1.0000    1.0000;...
    1.0195    1.0000    1.0000;...
    1.0189    1.0000    1.0000;...
    1.0182    1.0000    1.0000;...
    1.0175         0    1.0000;...
    1.0194    1.0000    1.0000;...
    1.0187    1.0000    1.0000;...
    1.0181    1.0000    1.0000;...
    1.0174    1.0000    1.0000;...
    1.0167    1.0000    1.0000;...
    1.0161    1.0000    1.0000;...
    1.0154    1.0000    1.0000;...
    1.0148    1.0000    1.0000;...
    1.0141    1.0000    1.0000;...
